Planeta c.1:  176.0  202.0  265.0  387.0  444.0  10000.0  

Planeta c.2:  44.0  48.0  128.0  315.0  559.0  10000.0  

Planeta c.3:  81.0  193.0  278.0  356.0  544.0  10000.0  

Planeta c.4:  215.0  350.0  357.0  403.0  458.0  10000.0  

Planeta c.5:  180.0  374.0  384.0  388.0  405.0  10000.0  

Planeta c.6:  0.0  81.0  215.0  274.0  315.0  358.0  

Planeta c.7:  0.0  81.0  128.0  173.0  176.0  356.0  

Planeta c.8:  0.0  44.0  92.0  173.0  193.0  265.0  

Planeta c.9:  0.0  48.0  81.0  92.0  202.0  278.0  

Planeta c.10:  0.0  180.0  350.0  387.0  544.0  550.0  

Entita c.1:  0.0  0.0  0.0  0.0  0.0  94.0  159.0  178.0  190.0  198.0  203.0  217.0  242.0  316.0  320.0  331.0  387.0  408.0  438.0  441.0  

Entita c.2:  0.0  0.0  0.0  0.0  0.0  176.0  183.0  204.0  222.0  225.0  235.0  260.0  282.0  283.0  295.0  338.0  343.0  405.0  406.0  441.0  

Entita c.3:  0.0  0.0  0.0  0.0  0.0  77.0  180.0  202.0  213.0  223.0  232.0  252.0  254.0  289.0  332.0  383.0  405.0  418.0  445.0  453.0  

Entita c.4:  0.0  0.0  0.0  0.0  0.0  116.0  180.0  181.0  194.0  213.0  222.0  239.0  242.0  290.0  316.0  326.0  370.0  413.0  427.0  509.0  

Entita c.5:  0.0  0.0  0.0  0.0  0.0  81.0  86.0  134.0  140.0  144.0  159.0  165.0  207.0  298.0  300.0  392.0  426.0  455.0  464.0  474.0  

Entita c.1:  0.0  0.0  0.0  0.0  0.0  

Entita c.2:  0.0  0.0  0.0  0.0  0.0  

Entita c.3:  0.0  0.0  0.0  0.0  0.0  

Entita c.4:  0.0  0.0  0.0  0.0  0.0  

Entita c.5:  0.0  0.0  0.0  0.0  0.0  

Entita c.6:  0.0  30.0  44.0  165.0  170.0  

Entita c.7:  0.0  48.0  194.0  211.0  212.0  

Entita c.8:  0.0  178.0  228.0  250.0  295.0  

Entita c.9:  0.0  77.0  128.0  197.0  212.0  

Entita c.10:  0.0  87.0  125.0  176.0  197.0  

Entita c.11:  0.0  87.0  190.0  204.0  270.0  

Entita c.12:  0.0  128.0  168.0  298.0  343.0  

Entita c.13:  0.0  90.0  168.0  183.0  228.0  

Entita c.14:  0.0  121.0  207.0  207.0  239.0  

Entita c.15:  0.0  44.0  45.0  131.0  159.0  

Entita c.16:  0.0  86.0  121.0  144.0  188.0  

Entita c.17:  0.0  63.0  81.0  123.0  144.0  

Entita c.18:  0.0  63.0  110.0  140.0  171.0  

Entita c.19:  0.0  30.0  45.0  134.0  152.0  

Entita c.20:  0.0  48.0  214.0  232.0  242.0  

Entita c.1:  0.0  0.0  0.0  0.0  0.0  63.0  114.0  127.0  143.0  176.0  199.0  247.0  256.0  279.0  280.0  297.0  303.0  309.0  347.0  398.0  

Entita c.2:  0.0  0.0  0.0  0.0  0.0  121.0  149.0  159.0  160.0  185.0  210.0  216.0  287.0  289.0  353.0  360.0  410.0  423.0  432.0  439.0  

Entita c.3:  0.0  0.0  0.0  0.0  0.0  63.0  124.0  181.0  202.0  287.0  303.0  316.0  318.0  322.0  333.0  360.0  386.0  398.0  405.0  471.0  

Entita c.4:  0.0  0.0  0.0  0.0  0.0  89.0  104.0  171.0  215.0  235.0  238.0  256.0  275.0  298.0  302.0  330.0  332.0  350.0  409.0  409.0  

Entita c.5:  0.0  0.0  0.0  0.0  0.0  46.0  68.0  97.0  98.0  174.0  183.0  199.0  226.0  247.0  247.0  269.0  283.0  330.0  393.0  429.0  

Entita c.1:  0.0  0.0  0.0  0.0  0.0  

Entita c.2:  0.0  0.0  0.0  0.0  0.0  

Entita c.3:  0.0  0.0  0.0  0.0  0.0  

Entita c.4:  0.0  0.0  0.0  0.0  0.0  

Entita c.5:  0.0  0.0  0.0  0.0  0.0  

Entita c.6:  0.0  80.0  139.0  163.0  164.0  

Entita c.7:  0.0  89.0  153.0  179.0  203.0  

Entita c.8:  0.0  98.0  127.0  143.0  145.0  

Entita c.9:  0.0  153.0  171.0  181.0  272.0  

Entita c.10:  0.0  181.0  230.0  302.0  404.0  

Entita c.11:  0.0  28.0  46.0  102.0  145.0  

Entita c.12:  0.0  65.0  114.0  121.0  122.0  

Entita c.13:  0.0  104.0  139.0  169.0  179.0  

Entita c.14:  0.0  63.0  65.0  127.0  136.0  

Entita c.15:  0.0  148.0  210.0  216.0  245.0  

Entita c.16:  0.0  76.0  136.0  163.0  176.0  

Entita c.17:  0.0  80.0  97.0  102.0  130.0  

Entita c.18:  0.0  70.0  159.0  216.0  218.0  

Entita c.19:  0.0  122.0  136.0  139.0  149.0  

Entita c.20:  0.0  28.0  68.0  130.0  163.0  

Entita c.1:  0.0  0.0  0.0  0.0  0.0  119.0  145.0  168.0  202.0  266.0  274.0  292.0  294.0  294.0  310.0  354.0  364.0  393.0  439.0  446.0  

Entita c.2:  0.0  0.0  0.0  0.0  0.0  72.0  107.0  222.0  256.0  258.0  279.0  305.0  308.0  318.0  338.0  341.0  341.0  349.0  390.0  417.0  

Entita c.3:  0.0  0.0  0.0  0.0  0.0  79.0  125.0  125.0  148.0  155.0  245.0  275.0  281.0  296.0  309.0  324.0  402.0  442.0  471.0  491.0  

Entita c.4:  0.0  0.0  0.0  0.0  0.0  87.0  124.0  162.0  164.0  214.0  234.0  236.0  303.0  308.0  312.0  417.0  452.0  476.0  488.0  498.0  

Entita c.5:  0.0  0.0  0.0  0.0  0.0  103.0  114.0  161.0  186.0  267.0  283.0  346.0  351.0  375.0  385.0  386.0  441.0  451.0  459.0  476.0  

Entita c.1:  0.0  0.0  0.0  0.0  0.0  

Entita c.2:  0.0  0.0  0.0  0.0  0.0  

Entita c.3:  0.0  0.0  0.0  0.0  0.0  

Entita c.4:  0.0  0.0  0.0  0.0  0.0  

Entita c.5:  0.0  0.0  0.0  0.0  0.0  

Entita c.6:  0.0  119.0  147.0  219.0  220.0  

Entita c.7:  0.0  152.0  234.0  310.0  315.0  

Entita c.8:  0.0  114.0  124.0  127.0  154.0  

Entita c.9:  0.0  36.0  72.0  201.0  251.0  

Entita c.10:  0.0  127.0  157.0  161.0  168.0  

Entita c.11:  0.0  86.0  98.0  125.0  141.0  

Entita c.12:  0.0  53.0  100.0  187.0  201.0  

Entita c.13:  0.0  147.0  202.0  251.0  284.0  

Entita c.14:  0.0  36.0  107.0  187.0  224.0  

Entita c.15:  0.0  152.0  162.0  187.0  204.0  

Entita c.16:  0.0  79.0  86.0  164.0  172.0  

Entita c.17:  0.0  96.0  169.0  186.0  284.0  

Entita c.18:  0.0  76.0  108.0  125.0  141.0  

Entita c.19:  0.0  87.0  108.0  148.0  154.0  

Entita c.20:  0.0  76.0  98.0  155.0  164.0  

Entita c.1:  0.0  0.0  0.0  0.0  0.0  61.0  79.0  112.0  142.0  146.0  158.0  173.0  174.0  181.0  270.0  276.0  313.0  320.0  357.0  391.0  

Entita c.2:  0.0  0.0  0.0  0.0  0.0  105.0  159.0  182.0  203.0  223.0  236.0  255.0  268.0  317.0  321.0  328.0  338.0  375.0  405.0  416.0  

Entita c.3:  0.0  0.0  0.0  0.0  0.0  148.0  230.0  249.0  276.0  281.0  301.0  307.0  332.0  416.0  427.0  447.0  488.0  489.0  492.0  500.0  

Entita c.4:  0.0  0.0  0.0  0.0  0.0  127.0  174.0  241.0  249.0  272.0  273.0  284.0  304.0  315.0  318.0  425.0  480.0  485.0  487.0  504.0  

Entita c.5:  0.0  0.0  0.0  0.0  0.0  47.0  111.0  113.0  181.0  188.0  201.0  217.0  222.0  269.0  275.0  298.0  364.0  377.0  393.0  405.0  

Entita c.1:  0.0  0.0  0.0  0.0  0.0  

Entita c.2:  0.0  0.0  0.0  0.0  0.0  

Entita c.3:  0.0  0.0  0.0  0.0  0.0  

Entita c.4:  0.0  0.0  0.0  0.0  0.0  

Entita c.5:  0.0  0.0  0.0  0.0  0.0  

Entita c.6:  0.0  256.0  269.0  344.0  364.0  

Entita c.7:  0.0  128.0  249.0  284.0  403.0  

Entita c.8:  0.0  47.0  138.0  138.0  160.0  

Entita c.9:  0.0  87.0  106.0  113.0  124.0  

Entita c.10:  0.0  53.0  141.0  142.0  170.0  

Entita c.11:  0.0  128.0  148.0  174.0  281.0  

Entita c.12:  0.0  48.0  182.0  222.0  240.0  

Entita c.13:  0.0  63.0  99.0  148.0  194.0  

Entita c.14:  0.0  48.0  138.0  181.0  217.0  

Entita c.15:  0.0  41.0  79.0  87.0  106.0  

Entita c.16:  0.0  53.0  148.0  148.0  173.0  

Entita c.17:  0.0  41.0  61.0  87.0  128.0  

Entita c.18:  0.0  111.0  124.0  127.0  138.0  

Entita c.19:  0.0  71.0  108.0  181.0  215.0  

Entita c.20:  0.0  70.0  99.0  148.0  170.0  

Entita c.1:  0.0  0.0  0.0  0.0  0.0  153.0  232.0  243.0  257.0  294.0  299.0  307.0  311.0  333.0  353.0  354.0  399.0  400.0  432.0  433.0  

Entita c.2:  0.0  0.0  0.0  0.0  0.0  77.0  158.0  204.0  214.0  299.0  309.0  343.0  350.0  367.0  376.0  398.0  439.0  468.0  477.0  483.0  

Entita c.3:  0.0  0.0  0.0  0.0  0.0  104.0  125.0  203.0  210.0  213.0  238.0  271.0  289.0  306.0  307.0  320.0  379.0  469.0  492.0  496.0  

Entita c.4:  0.0  0.0  0.0  0.0  0.0  37.0  38.0  70.0  103.0  172.0  237.0  287.0  332.0  363.0  365.0  377.0  384.0  395.0  457.0  464.0  

Entita c.5:  0.0  0.0  0.0  0.0  0.0  116.0  130.0  131.0  166.0  170.0  171.0  201.0  230.0  251.0  269.0  276.0  305.0  322.0  376.0  437.0  

Entita c.1:  0.0  0.0  0.0  0.0  0.0  

Entita c.2:  0.0  0.0  0.0  0.0  0.0  

Entita c.3:  0.0  0.0  0.0  0.0  0.0  

Entita c.4:  0.0  0.0  0.0  0.0  0.0  

Entita c.5:  0.0  0.0  0.0  0.0  0.0  

Entita c.6:  0.0  200.0  209.0  221.0  306.0  

Entita c.7:  0.0  54.0  57.0  63.0  84.0  

Entita c.8:  0.0  32.0  63.0  71.0  79.0  

Entita c.9:  0.0  32.0  39.0  54.0  80.0  

Entita c.10:  0.0  103.0  104.0  131.0  139.0  

Entita c.11:  0.0  36.0  70.0  82.0  174.0  

Entita c.12:  0.0  128.0  160.0  192.0  202.0  

Entita c.13:  0.0  37.0  200.0  201.0  232.0  

Entita c.14:  0.0  104.0  135.0  163.0  172.0  

Entita c.15:  0.0  37.0  185.0  221.0  270.0  

Entita c.16:  0.0  125.0  209.0  218.0  232.0  

Entita c.17:  0.0  36.0  38.0  46.0  139.0  

Entita c.18:  0.0  133.0  153.0  158.0  312.0  

Entita c.19:  0.0  46.0  80.0  101.0  112.0  

Entita c.20:  0.0  79.0  84.0  102.0  128.0  

Entita c.1:  0.0  0.0  0.0  0.0  0.0  51.0  86.0  174.0  232.0  265.0  276.0  290.0  320.0  327.0  354.0  417.0  424.0  471.0  477.0  486.0  

Entita c.2:  0.0  0.0  0.0  0.0  0.0  106.0  180.0  184.0  219.0  228.0  243.0  244.0  251.0  253.0  267.0  275.0  327.0  331.0  386.0  400.0  

Entita c.3:  0.0  0.0  0.0  0.0  0.0  56.0  80.0  95.0  100.0  129.0  138.0  192.0  202.0  238.0  286.0  294.0  305.0  343.0  375.0  414.0  

Entita c.4:  0.0  0.0  0.0  0.0  0.0  123.0  150.0  154.0  176.0  185.0  227.0  246.0  250.0  285.0  291.0  305.0  308.0  315.0  368.0  372.0  

Entita c.5:  0.0  0.0  0.0  0.0  0.0  100.0  179.0  188.0  214.0  259.0  282.0  338.0  348.0  400.0  413.0  436.0  440.0  443.0  450.0  470.0  

Entita c.1:  0.0  0.0  0.0  0.0  0.0  

Entita c.2:  0.0  0.0  0.0  0.0  0.0  

Entita c.3:  0.0  0.0  0.0  0.0  0.0  

Entita c.4:  0.0  0.0  0.0  0.0  0.0  

Entita c.5:  0.0  0.0  0.0  0.0  0.0  

Entita c.6:  0.0  94.0  100.0  109.0  144.0  

Entita c.7:  0.0  125.0  183.0  183.0  189.0  

Entita c.8:  0.0  114.0  331.0  331.0  354.0  

Entita c.9:  0.0  174.0  213.0  260.0  338.0  

Entita c.10:  0.0  100.0  176.0  189.0  198.0  

Entita c.11:  0.0  190.0  212.0  251.0  251.0  

Entita c.12:  0.0  64.0  83.0  125.0  138.0  

Entita c.13:  0.0  51.0  64.0  184.0  213.0  

Entita c.14:  0.0  40.0  64.0  80.0  123.0  

Entita c.15:  0.0  60.0  86.0  113.0  246.0  

Entita c.16:  0.0  64.0  86.0  154.0  180.0  

Entita c.17:  0.0  84.0  95.0  123.0  142.0  

Entita c.18:  0.0  32.0  94.0  123.0  187.0  

Entita c.19:  0.0  32.0  109.0  154.0  154.0  

Entita c.20:  0.0  114.0  219.0  254.0  290.0  

Entita c.1:  0.0  0.0  0.0  0.0  0.0  28.0  128.0  178.0  226.0  226.0  259.0  356.0  358.0  362.0  374.0  399.0  400.0  412.0  433.0  543.0  

Entita c.2:  0.0  0.0  0.0  0.0  0.0  116.0  150.0  229.0  230.0  269.0  317.0  339.0  349.0  360.0  392.0  425.0  432.0  438.0  484.0  503.0  

Entita c.3:  0.0  0.0  0.0  0.0  0.0  114.0  124.0  149.0  152.0  198.0  204.0  206.0  255.0  268.0  332.0  359.0  412.0  427.0  463.0  468.0  

Entita c.4:  0.0  0.0  0.0  0.0  0.0  97.0  123.0  133.0  176.0  184.0  206.0  216.0  278.0  342.0  344.0  352.0  358.0  377.0  381.0  396.0  

Entita c.5:  0.0  0.0  0.0  0.0  0.0  123.0  142.0  184.0  191.0  211.0  267.0  304.0  307.0  329.0  341.0  353.0  359.0  370.0  410.0  431.0  

Entita c.1:  0.0  0.0  0.0  0.0  0.0  

Entita c.2:  0.0  0.0  0.0  0.0  0.0  

Entita c.3:  0.0  0.0  0.0  0.0  0.0  

Entita c.4:  0.0  0.0  0.0  0.0  0.0  

Entita c.5:  0.0  0.0  0.0  0.0  0.0  

Entita c.6:  0.0  124.0  150.0  187.0  213.0  

Entita c.7:  0.0  173.0  229.0  259.0  279.0  

Entita c.8:  0.0  128.0  156.0  173.0  267.0  

Entita c.9:  0.0  158.0  213.0  230.0  255.0  

Entita c.10:  0.0  160.0  202.0  204.0  216.0  

Entita c.11:  0.0  37.0  42.0  114.0  133.0  

Entita c.12:  0.0  71.0  206.0  221.0  222.0  

Entita c.13:  0.0  35.0  42.0  123.0  124.0  

Entita c.14:  0.0  20.0  123.0  135.0  188.0  

Entita c.15:  0.0  64.0  124.0  149.0  167.0  

Entita c.16:  0.0  101.0  210.0  229.0  253.0  

Entita c.17:  0.0  116.0  161.0  178.0  187.0  

Entita c.18:  0.0  135.0  141.0  164.0  191.0  

Entita c.19:  0.0  184.0  184.0  202.0  256.0  

Entita c.20:  0.0  71.0  158.0  198.0  243.0  

Entita c.1:  0.0  0.0  0.0  0.0  0.0  133.0  145.0  149.0  151.0  177.0  233.0  289.0  298.0  325.0  332.0  333.0  355.0  358.0  375.0  416.0  

Entita c.2:  0.0  0.0  0.0  0.0  0.0  103.0  109.0  142.0  149.0  209.0  212.0  244.0  255.0  270.0  293.0  297.0  316.0  330.0  344.0  354.0  

Entita c.3:  0.0  0.0  0.0  0.0  0.0  61.0  118.0  126.0  132.0  133.0  152.0  180.0  204.0  256.0  262.0  278.0  339.0  364.0  439.0  446.0  

Entita c.4:  0.0  0.0  0.0  0.0  0.0  55.0  151.0  170.0  201.0  228.0  236.0  270.0  307.0  324.0  344.0  352.0  353.0  370.0  404.0  419.0  

Entita c.5:  0.0  0.0  0.0  0.0  0.0  65.0  118.0  136.0  136.0  156.0  185.0  203.0  247.0  295.0  368.0  378.0  381.0  419.0  433.0  471.0  

Entita c.1:  0.0  0.0  0.0  0.0  0.0  

Entita c.2:  0.0  0.0  0.0  0.0  0.0  

Entita c.3:  0.0  0.0  0.0  0.0  0.0  

Entita c.4:  0.0  0.0  0.0  0.0  0.0  

Entita c.5:  0.0  0.0  0.0  0.0  0.0  

Entita c.6:  0.0  40.0  51.0  70.0  109.0  

Entita c.7:  0.0  174.0  185.0  187.0  200.0  

Entita c.8:  0.0  70.0  76.0  78.0  121.0  

Entita c.9:  0.0  139.0  149.0  159.0  263.0  

Entita c.10:  0.0  82.0  91.0  118.0  142.0  

Entita c.11:  0.0  57.0  61.0  94.0  152.0  

Entita c.12:  0.0  20.0  133.0  133.0  139.0  

Entita c.13:  0.0  40.0  71.0  78.0  126.0  

Entita c.14:  0.0  94.0  99.0  133.0  231.0  

Entita c.15:  0.0  55.0  133.0  142.0  152.0  

Entita c.16:  0.0  65.0  73.0  91.0  117.0  

Entita c.17:  0.0  51.0  71.0  103.0  121.0  

Entita c.18:  0.0  174.0  203.0  269.0  292.0  

Entita c.19:  0.0  144.0  160.0  209.0  216.0  

Entita c.20:  0.0  20.0  117.0  136.0  145.0  

Entita c.1:  0.0  0.0  0.0  0.0  0.0  120.0  132.0  204.0  217.0  235.0  272.0  290.0  298.0  360.0  375.0  389.0  462.0  502.0  515.0  532.0  

Entita c.2:  0.0  0.0  0.0  0.0  0.0  105.0  147.0  172.0  196.0  207.0  230.0  260.0  318.0  362.0  388.0  418.0  419.0  441.0  449.0  478.0  

Entita c.3:  0.0  0.0  0.0  0.0  0.0  48.0  95.0  113.0  129.0  149.0  157.0  184.0  201.0  246.0  272.0  300.0  309.0  356.0  404.0  485.0  

Entita c.4:  0.0  0.0  0.0  0.0  0.0  81.0  155.0  187.0  188.0  192.0  208.0  233.0  238.0  253.0  257.0  278.0  285.0  326.0  375.0  382.0  

Entita c.5:  0.0  0.0  0.0  0.0  0.0  52.0  194.0  235.0  252.0  267.0  304.0  317.0  325.0  332.0  341.0  347.0  353.0  357.0  421.0  457.0  

Entita c.1:  0.0  0.0  0.0  0.0  0.0  

Entita c.2:  0.0  0.0  0.0  0.0  0.0  

Entita c.3:  0.0  0.0  0.0  0.0  0.0  

Entita c.4:  0.0  0.0  0.0  0.0  0.0  

Entita c.5:  0.0  0.0  0.0  0.0  0.0  

Entita c.6:  0.0  48.0  139.0  260.0  326.0  

Entita c.7:  0.0  104.0  120.0  196.0  262.0  

Entita c.8:  0.0  48.0  84.0  113.0  126.0  

Entita c.9:  0.0  115.0  139.0  250.0  285.0  

Entita c.10:  0.0  154.0  287.0  309.0  348.0  

Entita c.11:  0.0  147.0  154.0  157.0  195.0  

Entita c.12:  0.0  52.0  188.0  188.0  243.0  

Entita c.13:  0.0  67.0  72.0  164.0  184.0  

Entita c.14:  0.0  70.0  84.0  98.0  98.0  

Entita c.15:  0.0  80.0  95.0  98.0  113.0  

Entita c.16:  0.0  81.0  191.0  209.0  214.0  

Entita c.17:  0.0  72.0  126.0  129.0  140.0  

Entita c.18:  0.0  104.0  105.0  132.0  185.0  

Entita c.19:  0.0  67.0  140.0  191.0  219.0  

Entita c.20:  0.0  217.0  223.0  262.0  335.0  

Entita c.1:  0.0  0.0  0.0  0.0  0.0  70.0  196.0  230.0  239.0  343.0  356.0  372.0  381.0  430.0  445.0  465.0  469.0  477.0  502.0  509.0  

Entita c.2:  0.0  0.0  0.0  0.0  0.0  143.0  148.0  271.0  301.0  309.0  330.0  345.0  364.0  377.0  379.0  420.0  425.0  429.0  451.0  461.0  

Entita c.3:  0.0  0.0  0.0  0.0  0.0  88.0  90.0  103.0  122.0  153.0  184.0  205.0  220.0  233.0  236.0  278.0  303.0  416.0  422.0  446.0  

Entita c.4:  0.0  0.0  0.0  0.0  0.0  72.0  118.0  144.0  173.0  181.0  250.0  263.0  279.0  290.0  294.0  315.0  383.0  401.0  450.0  452.0  

Entita c.5:  0.0  0.0  0.0  0.0  0.0  198.0  210.0  243.0  244.0  250.0  306.0  320.0  326.0  353.0  405.0  407.0  416.0  457.0  475.0  480.0  

Entita c.1:  0.0  0.0  0.0  0.0  0.0  

Entita c.2:  0.0  0.0  0.0  0.0  0.0  

Entita c.3:  0.0  0.0  0.0  0.0  0.0  

Entita c.4:  0.0  0.0  0.0  0.0  0.0  

Entita c.5:  0.0  0.0  0.0  0.0  0.0  

Entita c.6:  0.0  86.0  103.0  148.0  162.0  

Entita c.7:  0.0  114.0  210.0  217.0  263.0  

Entita c.8:  0.0  103.0  141.0  171.0  239.0  

Entita c.9:  0.0  106.0  123.0  159.0  167.0  

Entita c.10:  0.0  70.0  157.0  171.0  178.0  

Entita c.11:  0.0  90.0  144.0  151.0  153.0  

Entita c.12:  0.0  35.0  70.0  153.0  159.0  

Entita c.13:  0.0  35.0  36.0  122.0  166.0  

Entita c.14:  0.0  52.0  141.0  157.0  196.0  

Entita c.15:  0.0  17.0  106.0  166.0  171.0  

Entita c.16:  0.0  186.0  186.0  228.0  250.0  

Entita c.17:  0.0  59.0  118.0  139.0  153.0  

Entita c.18:  0.0  330.0  381.0  414.0  439.0  

Entita c.19:  0.0  17.0  123.0  172.0  173.0  

Entita c.20:  0.0  72.0  118.0  139.0  186.0  

Entita c.1:  0.0  0.0  0.0  0.0  0.0  19.0  96.0  217.0  242.0  252.0  264.0  279.0  315.0  380.0  395.0  431.0  442.0  498.0  539.0  541.0  

Entita c.2:  0.0  0.0  0.0  0.0  0.0  208.0  218.0  231.0  313.0  318.0  325.0  344.0  349.0  422.0  426.0  429.0  473.0  482.0  486.0  489.0  

Entita c.3:  0.0  0.0  0.0  0.0  0.0  181.0  223.0  233.0  273.0  296.0  307.0  319.0  329.0  336.0  366.0  388.0  420.0  421.0  452.0  483.0  

Entita c.4:  0.0  0.0  0.0  0.0  0.0  97.0  121.0  170.0  212.0  241.0  261.0  360.0  362.0  363.0  383.0  393.0  396.0  439.0  445.0  464.0  

Entita c.5:  0.0  0.0  0.0  0.0  0.0  43.0  128.0  164.0  168.0  202.0  209.0  218.0  251.0  324.0  341.0  403.0  444.0  451.0  472.0  562.0  

Entita c.1:  0.0  0.0  0.0  0.0  0.0  

Entita c.2:  0.0  0.0  0.0  0.0  0.0  

Entita c.3:  0.0  0.0  0.0  0.0  0.0  

Entita c.4:  0.0  0.0  0.0  0.0  0.0  

Entita c.5:  0.0  0.0  0.0  0.0  0.0  

Entita c.6:  0.0  90.0  96.0  121.0  168.0  

Entita c.7:  0.0  208.0  259.0  299.0  300.0  

Entita c.8:  0.0  78.0  97.0  182.0  201.0  

Entita c.9:  0.0  63.0  106.0  114.0  121.0  

Entita c.10:  0.0  46.0  96.0  108.0  233.0  

Entita c.11:  0.0  93.0  116.0  127.0  201.0  

Entita c.12:  0.0  43.0  111.0  116.0  170.0  

Entita c.13:  0.0  137.0  300.0  313.0  380.0  

Entita c.14:  0.0  46.0  63.0  135.0  138.0  

Entita c.15:  0.0  46.0  58.0  81.0  223.0  

Entita c.16:  0.0  43.0  93.0  136.0  212.0  

Entita c.17:  0.0  207.0  223.0  234.0  237.0  

Entita c.18:  0.0  81.0  108.0  115.0  296.0  

Entita c.19:  0.0  137.0  218.0  242.0  256.0  

Entita c.20:  0.0  78.0  111.0  121.0  127.0  

Entita c.1:  0.0  0.0  0.0  0.0  0.0  74.0  155.0  179.0  195.0  200.0  213.0  273.0  277.0  282.0  334.0  339.0  406.0  408.0  409.0  412.0  

Entita c.2:  0.0  0.0  0.0  0.0  0.0  85.0  110.0  115.0  186.0  196.0  198.0  246.0  279.0  325.0  345.0  386.0  396.0  450.0  482.0  485.0  

Entita c.3:  0.0  0.0  0.0  0.0  0.0  77.0  107.0  108.0  122.0  218.0  280.0  287.0  306.0  315.0  318.0  319.0  320.0  359.0  365.0  378.0  

Entita c.4:  0.0  0.0  0.0  0.0  0.0  37.0  84.0  107.0  127.0  147.0  149.0  163.0  175.0  186.0  245.0  281.0  291.0  317.0  332.0  373.0  

Entita c.5:  0.0  0.0  0.0  0.0  0.0  40.0  145.0  175.0  188.0  192.0  215.0  222.0  262.0  271.0  277.0  305.0  307.0  342.0  365.0  386.0  

Entita c.1:  0.0  0.0  0.0  0.0  0.0  

Entita c.2:  0.0  0.0  0.0  0.0  0.0  

Entita c.3:  0.0  0.0  0.0  0.0  0.0  

Entita c.4:  0.0  0.0  0.0  0.0  0.0  

Entita c.5:  0.0  0.0  0.0  0.0  0.0  

Entita c.6:  0.0  59.0  77.0  133.0  153.0  

Entita c.7:  0.0  110.0  132.0  187.0  254.0  

Entita c.8:  0.0  61.0  66.0  128.0  129.0  

Entita c.9:  0.0  85.0  123.0  132.0  192.0  

Entita c.10:  0.0  107.0  167.0  212.0  221.0  

Entita c.11:  0.0  66.0  120.0  143.0  175.0  

Entita c.12:  0.0  40.0  128.0  176.0  179.0  

Entita c.13:  0.0  74.0  176.0  181.0  186.0  

Entita c.14:  0.0  37.0  101.0  108.0  129.0  

Entita c.15:  0.0  61.0  71.0  85.0  101.0  

Entita c.16:  0.0  85.0  123.0  155.0  181.0  

Entita c.17:  0.0  59.0  95.0  108.0  186.0  

Entita c.18:  0.0  85.0  200.0  201.0  247.0  

Entita c.19:  0.0  94.0  175.0  179.0  200.0  

Entita c.20:  0.0  70.0  80.0  144.0  147.0  

Entita c.1:  0.0  0.0  0.0  0.0  0.0  153.0  182.0  222.0  253.0  290.0  298.0  311.0  321.0  338.0  341.0  369.0  371.0  377.0  389.0  396.0  

Entita c.2:  0.0  0.0  0.0  0.0  0.0  101.0  115.0  161.0  168.0  187.0  196.0  200.0  281.0  302.0  330.0  372.0  416.0  439.0  440.0  451.0  

Entita c.3:  0.0  0.0  0.0  0.0  0.0  87.0  122.0  164.0  205.0  207.0  237.0  241.0  248.0  259.0  316.0  378.0  392.0  425.0  480.0  493.0  

Entita c.4:  0.0  0.0  0.0  0.0  0.0  84.0  128.0  147.0  188.0  259.0  279.0  287.0  352.0  369.0  389.0  395.0  410.0  429.0  438.0  454.0  

Entita c.5:  0.0  0.0  0.0  0.0  0.0  110.0  135.0  139.0  154.0  159.0  161.0  165.0  227.0  275.0  319.0  348.0  369.0  436.0  461.0  484.0  

Entita c.1:  0.0  0.0  0.0  0.0  0.0  

Entita c.2:  0.0  0.0  0.0  0.0  0.0  

Entita c.3:  0.0  0.0  0.0  0.0  0.0  

Entita c.4:  0.0  0.0  0.0  0.0  0.0  

Entita c.5:  0.0  0.0  0.0  0.0  0.0  

Entita c.6:  0.0  91.0  101.0  110.0  150.0  

Entita c.7:  0.0  54.0  121.0  138.0  200.0  

Entita c.8:  0.0  70.0  150.0  154.0  156.0  

Entita c.9:  0.0  76.0  88.0  122.0  138.0  

Entita c.10:  0.0  101.0  153.0  173.0  176.0  

Entita c.11:  0.0  58.0  176.0  196.0  273.0  

Entita c.12:  0.0  44.0  84.0  150.0  161.0  

Entita c.13:  0.0  188.0  205.0  259.0  274.0  

Entita c.14:  0.0  58.0  161.0  173.0  215.0  

Entita c.15:  0.0  54.0  70.0  88.0  168.0  

Entita c.16:  0.0  187.0  223.0  236.0  237.0  

Entita c.17:  0.0  20.0  101.0  159.0  179.0  

Entita c.18:  0.0  70.0  87.0  165.0  172.0  

Entita c.19:  0.0  70.0  76.0  115.0  121.0  

Entita c.20:  0.0  150.0  182.0  211.0  263.0  

Entita c.1:  0.0  0.0  0.0  0.0  0.0  143.0  174.0  194.0  198.0  227.0  242.0  359.0  379.0  392.0  404.0  414.0  456.0  541.0  542.0  544.0  

Entita c.2:  0.0  0.0  0.0  0.0  0.0  145.0  158.0  192.0  207.0  224.0  266.0  269.0  308.0  320.0  364.0  376.0  389.0  402.0  445.0  510.0  

Entita c.3:  0.0  0.0  0.0  0.0  0.0  142.0  165.0  176.0  214.0  229.0  232.0  259.0  266.0  284.0  290.0  313.0  329.0  380.0  395.0  448.0  

Entita c.4:  0.0  0.0  0.0  0.0  0.0  92.0  180.0  182.0  189.0  209.0  214.0  231.0  247.0  260.0  265.0  275.0  307.0  314.0  421.0  461.0  

Entita c.5:  0.0  0.0  0.0  0.0  0.0  50.0  112.0  127.0  144.0  179.0  207.0  212.0  275.0  365.0  367.0  414.0  416.0  445.0  453.0  510.0  

Entita c.1:  0.0  0.0  0.0  0.0  0.0  

Entita c.2:  0.0  0.0  0.0  0.0  0.0  

Entita c.3:  0.0  0.0  0.0  0.0  0.0  

Entita c.4:  0.0  0.0  0.0  0.0  0.0  

Entita c.5:  0.0  0.0  0.0  0.0  0.0  

Entita c.6:  0.0  99.0  116.0  146.0  194.0  

Entita c.7:  0.0  92.0  134.0  142.0  180.0  

Entita c.8:  0.0  85.0  108.0  134.0  176.0  

Entita c.9:  0.0  63.0  99.0  158.0  215.0  

Entita c.10:  0.0  29.0  108.0  112.0  112.0  

Entita c.11:  0.0  50.0  89.0  180.0  260.0  

Entita c.12:  0.0  50.0  55.0  193.0  231.0  

Entita c.13:  0.0  133.0  180.0  189.0  193.0  

Entita c.14:  0.0  63.0  146.0  192.0  213.0  

Entita c.15:  0.0  66.0  144.0  187.0  242.0  

Entita c.16:  0.0  133.0  143.0  183.0  214.0  

Entita c.17:  0.0  66.0  179.0  210.0  288.0  

Entita c.18:  0.0  143.0  157.0  207.0  221.0  

Entita c.19:  0.0  55.0  89.0  248.0  252.0  

Entita c.20:  0.0  81.0  194.0  233.0  290.0  

Entita c.1:  0.0  0.0  0.0  0.0  0.0  98.0  111.0  122.0  122.0  142.0  169.0  178.0  219.0  250.0  254.0  374.0  442.0  448.0  458.0  463.0  

Entita c.2:  0.0  0.0  0.0  0.0  0.0  70.0  129.0  130.0  147.0  171.0  295.0  320.0  321.0  338.0  362.0  393.0  394.0  413.0  424.0  477.0  

Entita c.3:  0.0  0.0  0.0  0.0  0.0  85.0  105.0  128.0  167.0  211.0  258.0  267.0  280.0  321.0  367.0  368.0  398.0  466.0  479.0  491.0  

Entita c.4:  0.0  0.0  0.0  0.0  0.0  131.0  139.0  206.0  232.0  238.0  253.0  270.0  282.0  291.0  296.0  316.0  322.0  324.0  389.0  389.0  

Entita c.5:  0.0  0.0  0.0  0.0  0.0  18.0  123.0  163.0  208.0  213.0  236.0  241.0  294.0  306.0  309.0  322.0  348.0  354.0  359.0  373.0  

Entita c.1:  0.0  0.0  0.0  0.0  0.0  

Entita c.2:  0.0  0.0  0.0  0.0  0.0  

Entita c.3:  0.0  0.0  0.0  0.0  0.0  

Entita c.4:  0.0  0.0  0.0  0.0  0.0  

Entita c.5:  0.0  0.0  0.0  0.0  0.0  

Entita c.6:  0.0  85.0  100.0  193.0  209.0  

Entita c.7:  0.0  48.0  213.0  230.0  239.0  

Entita c.8:  0.0  63.0  70.0  136.0  164.0  

Entita c.9:  0.0  64.0  261.0  265.0  297.0  

Entita c.10:  0.0  81.0  112.0  122.0  123.0  

Entita c.11:  0.0  78.0  81.0  160.0  163.0  

Entita c.12:  0.0  76.0  131.0  200.0  228.0  

Entita c.13:  0.0  142.0  149.0  182.0  194.0  

Entita c.14:  0.0  47.0  98.0  131.0  149.0  

Entita c.15:  0.0  76.0  125.0  139.0  211.0  

Entita c.16:  0.0  78.0  142.0  178.0  182.0  

Entita c.17:  0.0  18.0  112.0  160.0  218.0  

Entita c.18:  0.0  64.0  204.0  228.0  239.0  

Entita c.19:  0.0  48.0  204.0  208.0  223.0  

Entita c.20:  0.0  193.0  267.0  283.0  358.0  

Entita c.1:  0.0  0.0  0.0  0.0  0.0  56.0  76.0  188.0  223.0  242.0  260.0  277.0  294.0  296.0  313.0  360.0  370.0  378.0  388.0  400.0  

Entita c.2:  0.0  0.0  0.0  0.0  0.0  144.0  166.0  172.0  178.0  210.0  248.0  303.0  320.0  365.0  366.0  375.0  403.0  421.0  432.0  462.0  

Entita c.3:  0.0  0.0  0.0  0.0  0.0  180.0  220.0  255.0  279.0  306.0  313.0  322.0  329.0  338.0  396.0  454.0  482.0  489.0  508.0  533.0  

Entita c.4:  0.0  0.0  0.0  0.0  0.0  15.0  101.0  133.0  167.0  279.0  298.0  326.0  336.0  367.0  405.0  464.0  494.0  542.0  543.0  548.0  

Entita c.5:  0.0  0.0  0.0  0.0  0.0  103.0  132.0  163.0  203.0  234.0  242.0  293.0  309.0  337.0  341.0  432.0  464.0  493.0  494.0  512.0  

Entita c.1:  0.0  0.0  0.0  0.0  0.0  

Entita c.2:  0.0  0.0  0.0  0.0  0.0  

Entita c.3:  0.0  0.0  0.0  0.0  0.0  

Entita c.4:  0.0  0.0  0.0  0.0  0.0  

Entita c.5:  0.0  0.0  0.0  0.0  0.0  

Entita c.6:  0.0  82.0  108.0  221.0  242.0  

Entita c.7:  0.0  291.0  338.0  343.0  356.0  

Entita c.8:  0.0  82.0  185.0  188.0  240.0  

Entita c.9:  0.0  34.0  89.0  144.0  255.0  

Entita c.10:  0.0  45.0  56.0  203.0  210.0  

Entita c.11:  0.0  19.0  129.0  137.0  260.0  

Entita c.12:  0.0  140.0  144.0  167.0  176.0  

Entita c.13:  0.0  67.0  101.0  110.0  140.0  

Entita c.14:  0.0  15.0  110.0  134.0  183.0  

Entita c.15:  0.0  132.0  177.0  221.0  223.0  

Entita c.16:  0.0  105.0  176.0  279.0  292.0  

Entita c.17:  0.0  34.0  103.0  178.0  279.0  

Entita c.18:  0.0  19.0  125.0  134.0  271.0  

Entita c.19:  0.0  67.0  103.0  133.0  134.0  

Entita c.20:  0.0  108.0  177.0  185.0  296.0  

Entita c.1:  0.0  0.0  0.0  0.0  0.0  61.0  95.0  149.0  152.0  189.0  198.0  248.0  301.0  358.0  382.0  393.0  396.0  444.0  461.0  483.0  

Entita c.2:  0.0  0.0  0.0  0.0  0.0  35.0  124.0  210.0  217.0  235.0  258.0  258.0  260.0  266.0  336.0  338.0  343.0  360.0  395.0  420.0  

Entita c.3:  0.0  0.0  0.0  0.0  0.0  40.0  130.0  180.0  183.0  199.0  245.0  252.0  302.0  303.0  363.0  427.0  440.0  442.0  451.0  475.0  

Entita c.4:  0.0  0.0  0.0  0.0  0.0  64.0  196.0  217.0  223.0  261.0  284.0  285.0  331.0  339.0  352.0  363.0  392.0  469.0  519.0  523.0  

Entita c.5:  0.0  0.0  0.0  0.0  0.0  173.0  173.0  187.0  248.0  268.0  294.0  296.0  345.0  357.0  371.0  385.0  385.0  406.0  503.0  521.0  

Entita c.1:  0.0  0.0  0.0  0.0  0.0  

Entita c.2:  0.0  0.0  0.0  0.0  0.0  

Entita c.3:  0.0  0.0  0.0  0.0  0.0  

Entita c.4:  0.0  0.0  0.0  0.0  0.0  

Entita c.5:  0.0  0.0  0.0  0.0  0.0  

Entita c.6:  0.0  70.0  106.0  149.0  193.0  

Entita c.7:  0.0  35.0  106.0  199.0  217.0  

Entita c.8:  0.0  157.0  177.0  180.0  186.0  

Entita c.9:  0.0  40.0  166.0  186.0  190.0  

Entita c.10:  0.0  106.0  124.0  133.0  183.0  

Entita c.11:  0.0  124.0  130.0  206.0  217.0  

Entita c.12:  0.0  60.0  61.0  173.0  190.0  

Entita c.13:  0.0  187.0  236.0  307.0  334.0  

Entita c.14:  0.0  72.0  106.0  152.0  209.0  

Entita c.15:  0.0  64.0  177.0  206.0  212.0  

Entita c.16:  0.0  61.0  121.0  177.0  245.0  

Entita c.17:  0.0  111.0  125.0  209.0  210.0  

Entita c.18:  0.0  60.0  95.0  133.0  173.0  

Entita c.19:  0.0  124.0  177.0  223.0  254.0  

Entita c.20:  0.0  121.0  130.0  157.0  166.0  

Entita c.1:  0.0  0.0  0.0  0.0  0.0  120.0  205.0  212.0  245.0  292.0  332.0  348.0  365.0  366.0  374.0  375.0  377.0  415.0  432.0  432.0  

Entita c.2:  0.0  0.0  0.0  0.0  0.0  29.0  114.0  169.0  212.0  216.0  216.0  225.0  257.0  306.0  336.0  353.0  358.0  377.0  408.0  411.0  

Entita c.3:  0.0  0.0  0.0  0.0  0.0  102.0  114.0  114.0  125.0  152.0  158.0  164.0  242.0  246.0  285.0  289.0  301.0  318.0  360.0  437.0  

Entita c.4:  0.0  0.0  0.0  0.0  0.0  22.0  108.0  160.0  167.0  230.0  234.0  257.0  266.0  318.0  337.0  339.0  355.0  368.0  381.0  392.0  

Entita c.5:  0.0  0.0  0.0  0.0  0.0  27.0  130.0  150.0  174.0  213.0  219.0  268.0  306.0  319.0  354.0  365.0  424.0  440.0  458.0  463.0  

Entita c.1:  0.0  0.0  0.0  0.0  0.0  

Entita c.2:  0.0  0.0  0.0  0.0  0.0  

Entita c.3:  0.0  0.0  0.0  0.0  0.0  

Entita c.4:  0.0  0.0  0.0  0.0  0.0  

Entita c.5:  0.0  0.0  0.0  0.0  0.0  

Entita c.6:  0.0  108.0  122.0  188.0  197.0  

Entita c.7:  0.0  29.0  136.0  189.0  202.0  

Entita c.8:  0.0  216.0  292.0  298.0  306.0  

Entita c.9:  0.0  22.0  122.0  162.0  179.0  

Entita c.10:  0.0  216.0  225.0  240.0  286.0  

Entita c.11:  0.0  47.0  57.0  102.0  104.0  

Entita c.12:  0.0  188.0  228.0  234.0  265.0  

Entita c.13:  0.0  97.0  125.0  174.0  211.0  

Entita c.14:  0.0  12.0  195.0  212.0  250.0  

Entita c.15:  0.0  57.0  63.0  100.0  158.0  

Entita c.16:  0.0  57.0  100.0  104.0  114.0  

Entita c.17:  0.0  104.0  120.0  130.0  158.0  

Entita c.18:  0.0  12.0  198.0  212.0  251.0  

Entita c.19:  0.0  27.0  104.0  178.0  197.0  

Entita c.20:  0.0  80.0  150.0  178.0  195.0  

Entita c.1:  0.0  0.0  0.0  0.0  0.0  72.0  80.0  110.0  120.0  129.0  241.0  257.0  258.0  296.0  356.0  388.0  400.0  408.0  411.0  429.0  

Entita c.2:  0.0  0.0  0.0  0.0  0.0  7.0  82.0  115.0  122.0  174.0  219.0  232.0  251.0  266.0  301.0  304.0  319.0  361.0  364.0  432.0  

Entita c.3:  0.0  0.0  0.0  0.0  0.0  86.0  117.0  183.0  188.0  228.0  229.0  245.0  253.0  273.0  287.0  296.0  311.0  325.0  362.0  378.0  

Entita c.4:  0.0  0.0  0.0  0.0  0.0  53.0  59.0  68.0  83.0  136.0  200.0  209.0  247.0  268.0  300.0  311.0  321.0  347.0  356.0  378.0  

Entita c.5:  0.0  0.0  0.0  0.0  0.0  126.0  170.0  171.0  173.0  196.0  206.0  249.0  258.0  266.0  284.0  291.0  346.0  383.0  393.0  408.0  

Entita c.1:  0.0  0.0  0.0  0.0  0.0  

Entita c.2:  0.0  0.0  0.0  0.0  0.0  

Entita c.3:  0.0  0.0  0.0  0.0  0.0  

Entita c.4:  0.0  0.0  0.0  0.0  0.0  

Entita c.5:  0.0  0.0  0.0  0.0  0.0  

Entita c.6:  0.0  24.0  68.0  109.0  140.0  

Entita c.7:  0.0  327.0  334.0  346.0  388.0  

Entita c.8:  0.0  69.0  134.0  136.0  144.0  

Entita c.9:  0.0  59.0  85.0  109.0  117.0  

Entita c.10:  0.0  82.0  85.0  128.0  152.0  

Entita c.11:  0.0  51.0  86.0  186.0  212.0  

Entita c.12:  0.0  54.0  148.0  156.0  209.0  

Entita c.13:  0.0  68.0  110.0  126.0  126.0  

Entita c.14:  0.0  69.0  83.0  117.0  133.0  

Entita c.15:  0.0  54.0  150.0  151.0  197.0  

Entita c.16:  0.0  116.0  122.0  128.0  186.0  

Entita c.17:  0.0  94.0  115.0  120.0  121.0  

Entita c.18:  0.0  68.0  74.0  80.0  127.0  

Entita c.19:  0.0  7.0  85.0  116.0  121.0  

Entita c.20:  0.0  24.0  53.0  85.0  133.0  

Entita c.1:  0.0  0.0  0.0  0.0  0.0  34.0  79.0  135.0  148.0  159.0  172.0  192.0  232.0  295.0  298.0  318.0  365.0  378.0  381.0  483.0  

Entita c.2:  0.0  0.0  0.0  0.0  0.0  102.0  155.0  165.0  248.0  254.0  258.0  291.0  298.0  306.0  312.0  323.0  333.0  350.0  388.0  394.0  

Entita c.3:  0.0  0.0  0.0  0.0  0.0  25.0  105.0  157.0  159.0  168.0  215.0  286.0  291.0  373.0  380.0  413.0  415.0  432.0  438.0  459.0  

Entita c.4:  0.0  0.0  0.0  0.0  0.0  180.0  202.0  210.0  234.0  241.0  277.0  282.0  296.0  322.0  327.0  412.0  446.0  451.0  463.0  488.0  

Entita c.5:  0.0  0.0  0.0  0.0  0.0  78.0  91.0  126.0  229.0  254.0  265.0  277.0  308.0  308.0  310.0  364.0  398.0  428.0  457.0  504.0  

Entita c.1:  0.0  0.0  0.0  0.0  0.0  

Entita c.2:  0.0  0.0  0.0  0.0  0.0  

Entita c.3:  0.0  0.0  0.0  0.0  0.0  

Entita c.4:  0.0  0.0  0.0  0.0  0.0  

Entita c.5:  0.0  0.0  0.0  0.0  0.0  

Entita c.6:  0.0  146.0  167.0  291.0  292.0  

Entita c.7:  0.0  131.0  167.0  215.0  226.0  

Entita c.8:  0.0  34.0  45.0  102.0  145.0  

Entita c.9:  0.0  91.0  126.0  148.0  150.0  

Entita c.10:  0.0  102.0  136.0  157.0  163.0  

Entita c.11:  0.0  59.0  148.0  159.0  241.0  

Entita c.12:  0.0  121.0  124.0  145.0  150.0  

Entita c.13:  0.0  105.0  128.0  136.0  165.0  

Entita c.14:  0.0  59.0  78.0  91.0  159.0  

Entita c.15:  0.0  131.0  207.0  265.0  279.0  

Entita c.16:  0.0  56.0  102.0  121.0  135.0  

Entita c.17:  0.0  43.0  180.0  265.0  339.0  

Entita c.18:  0.0  155.0  212.0  229.0  263.0  

Entita c.19:  0.0  45.0  56.0  79.0  124.0  

Entita c.20:  0.0  25.0  128.0  148.0  163.0  

Entita c.1:  0.0  0.0  0.0  0.0  0.0  11.0  60.0  90.0  236.0  307.0  324.0  335.0  342.0  377.0  389.0  393.0  406.0  444.0  458.0  483.0  

Entita c.2:  0.0  0.0  0.0  0.0  0.0  94.0  141.0  231.0  258.0  268.0  275.0  284.0  288.0  364.0  385.0  450.0  460.0  467.0  471.0  490.0  

Entita c.3:  0.0  0.0  0.0  0.0  0.0  33.0  116.0  154.0  202.0  234.0  245.0  253.0  263.0  264.0  276.0  370.0  378.0  401.0  437.0  467.0  

Entita c.4:  0.0  0.0  0.0  0.0  0.0  12.0  78.0  158.0  196.0  205.0  224.0  278.0  290.0  291.0  323.0  327.0  344.0  364.0  369.0  437.0  

Entita c.5:  0.0  0.0  0.0  0.0  0.0  110.0  146.0  160.0  188.0  215.0  225.0  226.0  261.0  297.0  341.0  363.0  389.0  393.0  403.0  413.0  

Entita c.1:  0.0  0.0  0.0  0.0  0.0  

Entita c.2:  0.0  0.0  0.0  0.0  0.0  

Entita c.3:  0.0  0.0  0.0  0.0  0.0  

Entita c.4:  0.0  0.0  0.0  0.0  0.0  

Entita c.5:  0.0  0.0  0.0  0.0  0.0  

Entita c.6:  0.0  54.0  133.0  160.0  278.0  

Entita c.7:  0.0  78.0  81.0  107.0  157.0  

Entita c.8:  0.0  53.0  107.0  158.0  168.0  

Entita c.9:  0.0  12.0  81.0  168.0  193.0  

Entita c.10:  0.0  54.0  110.0  161.0  245.0  

Entita c.11:  0.0  85.0  92.0  280.0  295.0  

Entita c.12:  0.0  43.0  57.0  60.0  188.0  

Entita c.13:  0.0  53.0  157.0  196.0  203.0  

Entita c.14:  0.0  47.0  94.0  154.0  175.0  

Entita c.15:  0.0  216.0  228.0  269.0  277.0  

Entita c.16:  0.0  92.0  156.0  189.0  203.0  

Entita c.17:  0.0  11.0  57.0  83.0  226.0  

Entita c.18:  0.0  33.0  147.0  187.0  203.0  

Entita c.19:  0.0  43.0  83.0  90.0  146.0  

Entita c.20:  0.0  106.0  123.0  243.0  263.0  

Entita c.1:  0.0  0.0  0.0  0.0  0.0  24.0  133.0  157.0  181.0  213.0  224.0  250.0  257.0  272.0  282.0  283.0  321.0  339.0  351.0  382.0  

Entita c.2:  0.0  0.0  0.0  0.0  0.0  23.0  53.0  91.0  102.0  147.0  182.0  206.0  206.0  230.0  244.0  255.0  272.0  277.0  300.0  309.0  

Entita c.3:  0.0  0.0  0.0  0.0  0.0  26.0  41.0  56.0  129.0  141.0  186.0  187.0  202.0  212.0  228.0  250.0  252.0  279.0  288.0  389.0  

Entita c.4:  0.0  0.0  0.0  0.0  0.0  108.0  132.0  182.0  198.0  220.0  221.0  246.0  254.0  356.0  376.0  382.0  384.0  395.0  404.0  425.0  

Entita c.5:  0.0  0.0  0.0  0.0  0.0  37.0  54.0  132.0  198.0  254.0  264.0  299.0  344.0  350.0  369.0  379.0  386.0  400.0  403.0  434.0  

Entita c.1:  0.0  0.0  0.0  0.0  0.0  

Entita c.2:  0.0  0.0  0.0  0.0  0.0  

Entita c.3:  0.0  0.0  0.0  0.0  0.0  

Entita c.4:  0.0  0.0  0.0  0.0  0.0  

Entita c.5:  0.0  0.0  0.0  0.0  0.0  

Entita c.6:  0.0  97.0  133.0  135.0  141.0  

Entita c.7:  0.0  82.0  102.0  103.0  133.0  

Entita c.8:  0.0  88.0  100.0  128.0  129.0  

Entita c.9:  0.0  66.0  100.0  108.0  152.0  

Entita c.10:  0.0  34.0  37.0  139.0  203.0  

Entita c.11:  0.0  34.0  54.0  173.0  238.0  

Entita c.12:  0.0  66.0  132.0  132.0  139.0  

Entita c.13:  0.0  97.0  114.0  183.0  202.0  

Entita c.14:  0.0  48.0  133.0  157.0  230.0  

Entita c.15:  0.0  114.0  181.0  186.0  212.0  

Entita c.16:  0.0  48.0  157.0  181.0  272.0  

Entita c.17:  0.0  23.0  41.0  82.0  115.0  

Entita c.18:  0.0  41.0  66.0  68.0  88.0  

Entita c.19:  0.0  41.0  53.0  103.0  133.0  

Entita c.20:  0.0  56.0  64.0  66.0  128.0  

Entita c.1:  0.0  0.0  0.0  0.0  0.0  104.0  182.0  194.0  198.0  211.0  270.0  290.0  297.0  314.0  344.0  387.0  424.0  431.0  439.0  440.0  

Entita c.2:  0.0  0.0  0.0  0.0  0.0  102.0  232.0  278.0  281.0  283.0  308.0  326.0  329.0  336.0  396.0  423.0  424.0  427.0  471.0  475.0  

Entita c.3:  0.0  0.0  0.0  0.0  0.0  60.0  145.0  170.0  196.0  236.0  277.0  279.0  291.0  331.0  336.0  351.0  359.0  422.0  462.0  485.0  

Entita c.4:  0.0  0.0  0.0  0.0  0.0  83.0  94.0  101.0  111.0  116.0  186.0  190.0  267.0  271.0  298.0  299.0  305.0  369.0  389.0  440.0  

Entita c.5:  0.0  0.0  0.0  0.0  0.0  108.0  130.0  135.0  156.0  165.0  213.0  220.0  235.0  260.0  298.0  302.0  330.0  383.0  432.0  437.0  

Entita c.1:  0.0  0.0  0.0  0.0  0.0  

Entita c.2:  0.0  0.0  0.0  0.0  0.0  

Entita c.3:  0.0  0.0  0.0  0.0  0.0  

Entita c.4:  0.0  0.0  0.0  0.0  0.0  

Entita c.5:  0.0  0.0  0.0  0.0  0.0  

Entita c.6:  0.0  55.0  246.0  336.0  344.0  

Entita c.7:  0.0  172.0  201.0  213.0  236.0  

Entita c.8:  0.0  60.0  117.0  149.0  177.0  

Entita c.9:  0.0  111.0  115.0  138.0  150.0  

Entita c.10:  0.0  55.0  210.0  290.0  308.0  

Entita c.11:  0.0  94.0  133.0  145.0  150.0  

Entita c.12:  0.0  23.0  76.0  116.0  138.0  

Entita c.13:  0.0  184.0  190.0  194.0  219.0  

Entita c.14:  0.0  102.0  182.0  210.0  246.0  

Entita c.15:  0.0  39.0  149.0  196.0  217.0  

Entita c.16:  0.0  59.0  135.0  135.0  141.0  

Entita c.17:  0.0  39.0  117.0  170.0  217.0  

Entita c.18:  0.0  23.0  98.0  101.0  115.0  

Entita c.19:  0.0  76.0  98.0  190.0  203.0  

Entita c.20:  0.0  59.0  106.0  156.0  196.0  

Entita c.1:  0.0  0.0  0.0  0.0  0.0  94.0  266.0  277.0  288.0  291.0  300.0  317.0  320.0  322.0  323.0  338.0  372.0  379.0  419.0  444.0  

Entita c.2:  0.0  0.0  0.0  0.0  0.0  65.0  115.0  204.0  272.0  274.0  294.0  294.0  332.0  333.0  337.0  342.0  356.0  365.0  384.0  424.0  

Entita c.3:  0.0  0.0  0.0  0.0  0.0  99.0  196.0  216.0  219.0  220.0  225.0  267.0  291.0  309.0  331.0  352.0  355.0  369.0  369.0  408.0  

Entita c.4:  0.0  0.0  0.0  0.0  0.0  63.0  99.0  101.0  117.0  118.0  120.0  138.0  168.0  190.0  204.0  399.0  431.0  433.0  436.0  474.0  

Entita c.5:  0.0  0.0  0.0  0.0  0.0  47.0  115.0  136.0  186.0  202.0  214.0  252.0  318.0  319.0  351.0  352.0  409.0  431.0  493.0  555.0  

Entita c.1:  0.0  0.0  0.0  0.0  0.0  

Entita c.2:  0.0  0.0  0.0  0.0  0.0  

Entita c.3:  0.0  0.0  0.0  0.0  0.0  

Entita c.4:  0.0  0.0  0.0  0.0  0.0  

Entita c.5:  0.0  0.0  0.0  0.0  0.0  

Entita c.6:  0.0  25.0  50.0  96.0  101.0  

Entita c.7:  0.0  50.0  63.0  74.0  142.0  

Entita c.8:  0.0  79.0  82.0  180.0  244.0  

Entita c.9:  0.0  117.0  131.0  149.0  156.0  

Entita c.10:  0.0  94.0  246.0  247.0  274.0  

Entita c.11:  0.0  47.0  118.0  132.0  136.0  

Entita c.12:  0.0  99.0  180.0  192.0  204.0  

Entita c.13:  0.0  4.0  79.0  246.0  254.0  

Entita c.14:  0.0  4.0  82.0  247.0  258.0  

Entita c.15:  0.0  47.0  98.0  99.0  143.0  

Entita c.16:  0.0  67.0  98.0  139.0  156.0  

Entita c.17:  0.0  107.0  219.0  297.0  311.0  

Entita c.18:  0.0  93.0  99.0  115.0  244.0  

Entita c.19:  0.0  202.0  246.0  277.0  310.0  

Entita c.20:  0.0  99.0  131.0  138.0  143.0  

Entita c.1:  0.0  0.0  0.0  0.0  0.0  48.0  177.0  196.0  219.0  251.0  262.0  274.0  317.0  357.0  376.0  378.0  400.0  411.0  432.0  514.0  

Entita c.2:  0.0  0.0  0.0  0.0  0.0  69.0  133.0  176.0  188.0  242.0  274.0  276.0  284.0  292.0  383.0  398.0  424.0  440.0  445.0  485.0  

Entita c.3:  0.0  0.0  0.0  0.0  0.0  66.0  161.0  167.0  168.0  169.0  202.0  215.0  259.0  268.0  290.0  300.0  351.0  434.0  443.0  452.0  

Entita c.4:  0.0  0.0  0.0  0.0  0.0  36.0  88.0  140.0  170.0  184.0  209.0  214.0  244.0  247.0  260.0  291.0  311.0  333.0  335.0  380.0  

Entita c.5:  0.0  0.0  0.0  0.0  0.0  72.0  105.0  200.0  210.0  212.0  230.0  255.0  264.0  273.0  282.0  302.0  338.0  380.0  417.0  420.0  

Entita c.1:  0.0  0.0  0.0  0.0  0.0  

Entita c.2:  0.0  0.0  0.0  0.0  0.0  

Entita c.3:  0.0  0.0  0.0  0.0  0.0  

Entita c.4:  0.0  0.0  0.0  0.0  0.0  

Entita c.5:  0.0  0.0  0.0  0.0  0.0  

Entita c.6:  0.0  46.0  169.0  190.0  201.0  

Entita c.7:  0.0  108.0  133.0  160.0  161.0  

Entita c.8:  0.0  176.0  224.0  259.0  267.0  

Entita c.9:  0.0  58.0  108.0  126.0  132.0  

Entita c.10:  0.0  82.0  178.0  198.0  200.0  

Entita c.11:  0.0  168.0  236.0  302.0  386.0  

Entita c.12:  0.0  168.0  221.0  251.0  255.0  

Entita c.13:  0.0  46.0  182.0  202.0  211.0  

Entita c.14:  0.0  118.0  167.0  235.0  293.0  

Entita c.15:  0.0  48.0  148.0  188.0  189.0  

Entita c.16:  0.0  118.0  226.0  239.0  244.0  

Entita c.17:  0.0  66.0  112.0  132.0  166.0  

Entita c.18:  0.0  69.0  148.0  175.0  196.0  

Entita c.19:  0.0  36.0  111.0  155.0  178.0  

Entita c.20:  0.0  233.0  284.0  320.0  333.0  

Entita c.1:  0.0  0.0  0.0  0.0  0.0  100.0  133.0  133.0  171.0  302.0  305.0  319.0  327.0  329.0  363.0  369.0  369.0  379.0  430.0  436.0  

Entita c.2:  0.0  0.0  0.0  0.0  0.0  132.0  134.0  163.0  219.0  237.0  246.0  251.0  280.0  290.0  298.0  307.0  321.0  331.0  365.0  380.0  

Entita c.3:  0.0  0.0  0.0  0.0  0.0  63.0  93.0  104.0  144.0  154.0  156.0  241.0  247.0  279.0  299.0  332.0  387.0  434.0  454.0  473.0  

Entita c.4:  0.0  0.0  0.0  0.0  0.0  69.0  130.0  158.0  218.0  224.0  272.0  277.0  295.0  302.0  305.0  322.0  391.0  445.0  475.0  478.0  

Entita c.5:  0.0  0.0  0.0  0.0  0.0  84.0  107.0  195.0  217.0  254.0  288.0  307.0  341.0  376.0  399.0  475.0  497.0  498.0  505.0  508.0  

Entita c.1:  0.0  0.0  0.0  0.0  0.0  

Entita c.2:  0.0  0.0  0.0  0.0  0.0  

Entita c.3:  0.0  0.0  0.0  0.0  0.0  

Entita c.4:  0.0  0.0  0.0  0.0  0.0  

Entita c.5:  0.0  0.0  0.0  0.0  0.0  

Entita c.6:  0.0  84.0  172.0  220.0  277.0  

Entita c.7:  0.0  20.0  100.0  144.0  191.0  

Entita c.8:  0.0  100.0  156.0  177.0  196.0  

Entita c.9:  0.0  20.0  103.0  154.0  190.0  

Entita c.10:  0.0  69.0  195.0  197.0  201.0  

Entita c.11:  0.0  102.0  303.0  322.0  422.0  

Entita c.12:  0.0  33.0  91.0  184.0  246.0  

Entita c.13:  0.0  63.0  94.0  100.0  103.0  

Entita c.14:  0.0  75.0  134.0  177.0  215.0  

Entita c.15:  0.0  55.0  93.0  117.0  158.0  

Entita c.16:  0.0  107.0  133.0  149.0  165.0  

Entita c.17:  0.0  55.0  94.0  104.0  130.0  

Entita c.18:  0.0  91.0  97.0  145.0  215.0  

Entita c.19:  0.0  102.0  201.0  224.0  333.0  

Entita c.20:  0.0  133.0  163.0  165.0  187.0  

Entita c.1:  0.0  0.0  0.0  0.0  0.0  22.0  75.0  90.0  147.0  185.0  201.0  237.0  276.0  301.0  358.0  361.0  425.0  454.0  506.0  514.0  

Entita c.2:  0.0  0.0  0.0  0.0  0.0  43.0  201.0  209.0  228.0  240.0  252.0  286.0  323.0  326.0  351.0  355.0  423.0  426.0  475.0  476.0  

Entita c.3:  0.0  0.0  0.0  0.0  0.0  25.0  86.0  132.0  199.0  240.0  252.0  312.0  314.0  321.0  333.0  335.0  400.0  402.0  413.0  501.0  

Entita c.4:  0.0  0.0  0.0  0.0  0.0  95.0  134.0  168.0  190.0  192.0  194.0  198.0  245.0  289.0  307.0  320.0  322.0  324.0  334.0  396.0  

Entita c.5:  0.0  0.0  0.0  0.0  0.0  49.0  164.0  166.0  167.0  203.0  244.0  270.0  297.0  327.0  339.0  348.0  374.0  418.0  422.0  433.0  

Entita c.1:  0.0  0.0  0.0  0.0  0.0  

Entita c.2:  0.0  0.0  0.0  0.0  0.0  

Entita c.3:  0.0  0.0  0.0  0.0  0.0  

Entita c.4:  0.0  0.0  0.0  0.0  0.0  

Entita c.5:  0.0  0.0  0.0  0.0  0.0  

Entita c.6:  0.0  84.0  115.0  132.0  134.0  

Entita c.7:  0.0  200.0  319.0  323.0  347.0  

Entita c.8:  0.0  117.0  186.0  199.0  223.0  

Entita c.9:  0.0  77.0  86.0  192.0  201.0  

Entita c.10:  0.0  117.0  132.0  146.0  218.0  

Entita c.11:  0.0  6.0  132.0  217.0  230.0  

Entita c.12:  0.0  21.0  75.0  93.0  163.0  

Entita c.13:  0.0  124.0  147.0  147.0  210.0  

Entita c.14:  0.0  99.0  115.0  129.0  132.0  

Entita c.15:  0.0  6.0  129.0  216.0  228.0  

Entita c.16:  0.0  132.0  186.0  198.0  205.0  

Entita c.17:  0.0  164.0  184.0  195.0  201.0  

Entita c.18:  0.0  22.0  93.0  110.0  124.0  

Entita c.19:  0.0  21.0  90.0  110.0  156.0  

Entita c.20:  0.0  118.0  145.0  168.0  188.0  

Entita c.1:  0.0  0.0  0.0  0.0  0.0  34.0  71.0  177.0  181.0  210.0  225.0  250.0  278.0  308.0  339.0  352.0  352.0  361.0  362.0  402.0  

Entita c.2:  0.0  0.0  0.0  0.0  0.0  74.0  91.0  114.0  118.0  209.0  234.0  237.0  260.0  269.0  282.0  298.0  317.0  356.0  456.0  508.0  

Entita c.3:  0.0  0.0  0.0  0.0  0.0  122.0  170.0  232.0  255.0  276.0  315.0  325.0  333.0  340.0  345.0  347.0  347.0  352.0  485.0  497.0  

Entita c.4:  0.0  0.0  0.0  0.0  0.0  121.0  125.0  215.0  221.0  228.0  286.0  292.0  309.0  315.0  335.0  348.0  351.0  417.0  424.0  450.0  

Entita c.5:  0.0  0.0  0.0  0.0  0.0  27.0  82.0  129.0  129.0  154.0  174.0  207.0  211.0  223.0  359.0  362.0  388.0  405.0  446.0  448.0  

Entita c.1:  0.0  0.0  0.0  0.0  0.0  

Entita c.2:  0.0  0.0  0.0  0.0  0.0  

Entita c.3:  0.0  0.0  0.0  0.0  0.0  

Entita c.4:  0.0  0.0  0.0  0.0  0.0  

Entita c.5:  0.0  0.0  0.0  0.0  0.0  

Entita c.6:  0.0  50.0  71.0  108.0  160.0  

Entita c.7:  0.0  121.0  156.0  170.0  184.0  

Entita c.8:  0.0  27.0  59.0  153.0  155.0  

Entita c.9:  0.0  286.0  293.0  297.0  300.0  

Entita c.10:  0.0  48.0  205.0  241.0  244.0  

Entita c.11:  0.0  107.0  125.0  222.0  255.0  

Entita c.12:  0.0  122.0  208.0  245.0  282.0  

Entita c.13:  0.0  42.0  69.0  114.0  135.0  

Entita c.14:  0.0  74.0  135.0  135.0  164.0  

Entita c.15:  0.0  25.0  32.0  115.0  129.0  

Entita c.16:  0.0  59.0  82.0  108.0  156.0  

Entita c.17:  0.0  37.0  42.0  91.0  135.0  

Entita c.18:  0.0  32.0  44.0  129.0  145.0  

Entita c.19:  0.0  48.0  157.0  193.0  198.0  

Entita c.20:  0.0  34.0  50.0  157.0  172.0  

Entita c.1:  0.0  0.0  0.0  0.0  0.0  78.0  106.0  118.0  133.0  229.0  258.0  284.0  312.0  322.0  357.0  377.0  394.0  434.0  470.0  491.0  

Entita c.2:  0.0  0.0  0.0  0.0  0.0  128.0  156.0  161.0  190.0  217.0  224.0  239.0  340.0  360.0  462.0  477.0  484.0  495.0  517.0  520.0  

Entita c.3:  0.0  0.0  0.0  0.0  0.0  98.0  101.0  226.0  249.0  261.0  313.0  316.0  323.0  347.0  361.0  423.0  451.0  456.0  457.0  458.0  

Entita c.4:  0.0  0.0  0.0  0.0  0.0  117.0  126.0  173.0  197.0  230.0  232.0  267.0  272.0  277.0  297.0  317.0  336.0  359.0  409.0  418.0  

Entita c.5:  0.0  0.0  0.0  0.0  0.0  97.0  166.0  166.0  183.0  200.0  218.0  266.0  284.0  287.0  313.0  353.0  358.0  397.0  416.0  445.0  

Entita c.1:  0.0  0.0  0.0  0.0  0.0  

Entita c.2:  0.0  0.0  0.0  0.0  0.0  

Entita c.3:  0.0  0.0  0.0  0.0  0.0  

Entita c.4:  0.0  0.0  0.0  0.0  0.0  

Entita c.5:  0.0  0.0  0.0  0.0  0.0  

Entita c.6:  0.0  55.0  88.0  109.0  126.0  

Entita c.7:  0.0  101.0  134.0  190.0  197.0  

Entita c.8:  0.0  66.0  133.0  175.0  208.0  

Entita c.9:  0.0  72.0  72.0  97.0  138.0  

Entita c.10:  0.0  98.0  134.0  148.0  161.0  

Entita c.11:  0.0  140.0  142.0  150.0  189.0  

Entita c.12:  0.0  78.0  118.0  156.0  184.0  

Entita c.13:  0.0  113.0  121.0  203.0  224.0  

Entita c.14:  0.0  148.0  226.0  239.0  283.0  

Entita c.15:  0.0  113.0  118.0  118.0  175.0  

Entita c.16:  0.0  54.0  72.0  101.0  166.0  

Entita c.17:  0.0  60.0  109.0  140.0  149.0  

Entita c.18:  0.0  101.0  138.0  155.0  200.0  

Entita c.19:  0.0  54.0  72.0  131.0  155.0  

Entita c.20:  0.0  66.0  106.0  184.0  192.0  

Entita c.1:  0.0  0.0  0.0  0.0  0.0  49.0  168.0  225.0  272.0  273.0  284.0  286.0  287.0  296.0  304.0  317.0  329.0  344.0  366.0  387.0  

Entita c.2:  0.0  0.0  0.0  0.0  0.0  169.0  177.0  182.0  182.0  195.0  216.0  228.0  234.0  258.0  282.0  286.0  304.0  359.0  390.0  450.0  

Entita c.3:  0.0  0.0  0.0  0.0  0.0  84.0  89.0  138.0  216.0  216.0  219.0  243.0  273.0  277.0  381.0  401.0  406.0  414.0  428.0  452.0  

Entita c.4:  0.0  0.0  0.0  0.0  0.0  96.0  123.0  220.0  240.0  267.0  269.0  324.0  361.0  368.0  397.0  412.0  451.0  470.0  471.0  499.0  

Entita c.5:  0.0  0.0  0.0  0.0  0.0  32.0  91.0  159.0  171.0  176.0  215.0  235.0  236.0  241.0  246.0  313.0  457.0  500.0  502.0  532.0  

Entita c.1:  0.0  0.0  0.0  0.0  0.0  

Entita c.2:  0.0  0.0  0.0  0.0  0.0  

Entita c.3:  0.0  0.0  0.0  0.0  0.0  

Entita c.4:  0.0  0.0  0.0  0.0  0.0  

Entita c.5:  0.0  0.0  0.0  0.0  0.0  

Entita c.6:  0.0  222.0  228.0  236.0  243.0  

Entita c.7:  0.0  74.0  183.0  192.0  228.0  

Entita c.8:  0.0  81.0  98.0  123.0  138.0  

Entita c.9:  0.0  81.0  96.0  149.0  171.0  

Entita c.10:  0.0  74.0  127.0  206.0  234.0  

Entita c.11:  0.0  49.0  214.0  226.0  235.0  

Entita c.12:  0.0  89.0  127.0  145.0  192.0  

Entita c.13:  0.0  56.0  79.0  127.0  182.0  

Entita c.14:  0.0  17.0  178.0  195.0  203.0  

Entita c.15:  0.0  32.0  91.0  140.0  159.0  

Entita c.16:  0.0  79.0  135.0  175.0  195.0  

Entita c.17:  0.0  74.0  127.0  134.0  216.0  

Entita c.18:  0.0  22.0  91.0  140.0  159.0  

Entita c.19:  0.0  17.0  167.0  182.0  204.0  

Entita c.20:  0.0  132.0  140.0  149.0  168.0  

